            1    0.000000000000000     
            2    0.000000000000000     
            3  -6.5716911043764661E-002
            4  -0.1270350512432760     
            5  -0.1833355250662622     
            6  -0.2345612352222788     
            7  -0.2813637827223075     
            8  -0.3241448919324187     
            9  -0.3632982006507497     
           10  -0.3991563843269377     
           11  -0.4319987187709404     
           12  -0.4620643465658023     
           13  -0.4895323354425131     
           14  -0.5145529276383789     
           15  -0.5372697624955723     
           16  -0.5578363455514876     
           17  -0.5764326916408213     
           18  -0.5932654321659004     
           19  -0.6085483231447286     
           20  -0.6224953380634711     
           21  -0.6353011191358779     
           22  -0.6471460276045575     
           23  -0.6581809888891221     
           24  -0.6685288079459550     
           25  -0.6782974696330865     
           26  -0.6875809010977180     
           27  -0.6964557045009795     
           28  -0.7049887042952592     
           29  -0.7132406340017399     
           30  -0.7212608138106461     
           31  -0.7290915966543141     
           32  -0.7367660217502752     
           33  -0.7443129363657689     
           34  -0.7517534638762985     
           35  -0.7591008673173492     
           36  -0.7663635262417735     
           37  -0.7735476147622459     
           38  -0.7806550553598223     
           39  -0.7876865517725943     
           40  -0.7946379830380148     
